Webots Project File version R2019b
perspectives: 000000ff00000000fd000000020000000000000ebf00000842fc0100000001fb0000001a0044006f00630075006d0065006e0074006100740069006f006e0000000000ffffffff0000006900ffffff0000000300000ebf0000006dfc0100000001fc0000000000000ebf0000000000fffffffaffffffff0200000002fb0000000e0043006f006e0073006f006c00650200000041000005e900000ebf000000d9fb0000001400540065007800740045006400690074006f007202000000410000065000000ebf0000006d00000ebf0000084200000001000000020000000100000008fc00000000
simulationViewPerspectives: 000000ff00000001000000020000010000000ca10100000002010000000100
sceneTreePerspectives: 000000ff0000000100000002000000c0000000fa0100000002010000000200
minimizedPerspectives: 000000ff00000000fd00000002000000000000000000000000fc0100000001fb0000001a0044006f00630075006d0065006e0074006100740069006f006e0000000000ffffffff0000006900ffffff0000000300000ebf00000842fc0100000001fc0000000000000ebf0000007500fffffffa000000010200000002fb0000000e0043006f006e0073006f006c006502000000410000076200000ebf000000d9fb0000001400540065007800740045006400690074006f00720100000159000006e90000003f00ffffff00000ebf0000000000000001000000020000000100000008fc00000000
maximizedDockId: -1
centralWidgetVisible: 1
selectionDisabled: 0
viewpointLocked: 0
orthographicViewHeight: 1
textFiles: -1
renderingDevicePerspectives: Pioneer 3-AT:MultiSense S21 right camera;1;0.0742188;0;0
renderingDevicePerspectives: Pioneer 3-AT:MultiSense S21 meta range finder;0;0.0742188;0;0
renderingDevicePerspectives: Pioneer 3-AT:MultiSense S21 left camera;1;0.0742188;0;0
renderingDevicePerspectives: Pioneer 3-AT:MultiSense S21 meta camera;0;0.0742188;0;0
