Webots Project File version R2019b
perspectives: 000000ff00000000fd00000003000000000000000000000000fc0100000001fb0000001a0044006f00630075006d0065006e0074006100740069006f006e0000000000ffffffff0000006900ffffff000000010000011c00000768fc0200000001fb0000001400540065007800740045006400690074006f00720000000000000007680000003f00ffffff0000000300000743000001e3fc0100000001fb0000000e0043006f006e0073006f006c00650100000000000007430000006900ffffff000007430000060500000001000000020000000100000008fc00000000
simulationViewPerspectives: 000000ff00000001000000020000010000000c680100000002010000000100
sceneTreePerspectives: 000000ff0000000100000002000006cd000000fa0100000002010000000200
maximizedDockId: -1
centralWidgetVisible: 1
selectionDisabled: 0
viewpointLocked: 0
orthographicViewHeight: 1
textFiles: -1
renderingDevicePerspectives: Pioneer 3-AT:MultiSense S21 meta camera;1;0.689453;0;0
renderingDevicePerspectives: Pioneer 3-AT:MultiSense S21 right camera;1;0.689453;0;0
renderingDevicePerspectives: Pioneer 3-AT:MultiSense S21 meta range finder;1;0.689453;0;0.745572
renderingDevicePerspectives: Pioneer 3-AT:MultiSense S21 left camera;1;0.689453;0;0
