Webots Project File version R2019b
perspectives: 000000ff00000000fd0000000300000000000000690000081ffc0100000002fb0000001e00480074006d006c0052006f0062006f007400570069006e0064006f00770100000000000000690000006900fffffffb0000001a0044006f00630075006d0065006e0074006100740069006f006e0000000000ffffffff0000006900ffffff000000010000037800000635fc0200000001fb0000001400540065007800740045006400690074006f00720000000000000006350000003f00ffffff0000000300000e1b0000010cfc0100000001fb0000000e0043006f006e0073006f006c0065010000006b00000e1b0000006900ffffff00000e1b0000071100000001000000020000000100000008fc00000000
simulationViewPerspectives: 000000ff0000000100000002000001fe0000015e0100000002010000000100
sceneTreePerspectives: 000000ff0000000100000002000000c0000000fa0100000002010000000200
maximizedDockId: -1
centralWidgetVisible: 1
selectionDisabled: 0
viewpointLocked: 0
orthographicViewHeight: 1
textFiles: 1 "protos/CustomMultiSenseS21.proto" "../webots/projects/robots/adept/pioneer3/protos/Pioneer3at.proto"
robotWindow: robot
renderingDevicePerspectives: Pioneer 3-AT:MultiSense S21 left camera;1;0.341797;0;0
renderingDevicePerspectives: Pioneer 3-AT:MultiSense S21 meta range finder;1;0.341797;0;0
renderingDevicePerspectives: Pioneer 3-AT:MultiSense S21 meta camera;1;0.341797;0;0
renderingDevicePerspectives: Pioneer 3-AT:MultiSense S21 right camera;1;0.341797;0;0
