Webots Project File version R2019b
perspectives: 000000ff00000000fd00000003000000000000000000000000fc0100000001fb0000001a0044006f00630075006d0065006e0074006100740069006f006e0000000000ffffffff0000006900ffffff000000010000057700000726fc0200000001fb0000001400540065007800740045006400690074006f00720000000000000007260000003f00ffffff0000000300000ebf00000842fc0100000001fb0000000e0043006f006e0073006f006c0065000000000000000ebf0000006900ffffff000000000000000000000001000000020000000100000008fc00000000
simulationViewPerspectives: 000000ff00000001000000020000010000000c660100000002010000000100
sceneTreePerspectives: 000000ff0000000100000002000006cd000000fa0100000002010000000200
minimizedPerspectives: 000000ff00000000fd00000003000000000000000000000000fc0100000001fb0000001a0044006f00630075006d0065006e0074006100740069006f006e0000000000ffffffff0000006900ffffff000000010000057700000726fc0200000001fb0000001400540065007800740045006400690074006f00720000000000000007260000003f00ffffff0000000300000ebf00000842fc0100000001fb0000000e0043006f006e0073006f006c0065010000000000000ebf0000006900ffffff00000ebf0000000000000001000000020000000100000008fc00000000
maximizedDockId: -1
centralWidgetVisible: 0
selectionDisabled: 0
viewpointLocked: 0
orthographicViewHeight: 1
textFiles: 1 "../webots/projects/default/controllers/ros/Ros.cpp" "controllers/supervisor_controller/supervisor_controller.py"
renderingDevicePerspectives: Pioneer 3-AT:MultiSense S21 meta camera;0;0.336914;0;0.0668348
renderingDevicePerspectives: Pioneer 3-AT:MultiSense S21 right camera;0;0.336914;0;0
renderingDevicePerspectives: Pioneer 3-AT:MultiSense S21 left camera;0;0.336914;0;0
renderingDevicePerspectives: Pioneer 3-AT:MultiSense S21 meta range finder;0;0.336914;0;0
