Webots Project File version R2020a
perspectives: 000000ff00000000fd00000003000000000000000000000000fc0100000001fb0000001a0044006f00630075006d0065006e0074006100740069006f006e0000000000ffffffff0000006900ffffff000000010000007500000537fc0200000001fb0000001400540065007800740045006400690074006f00720000000000000005370000003f00ffffff00000003000009bf00000078fc0100000001fb0000000e0043006f006e0073006f006c00650100000000000009bf0000006900ffffff000009bf000004f800000001000000020000000100000008fc00000000
simulationViewPerspectives: 000000ff000000010000000200000100000008bd0100000002010000000100
sceneTreePerspectives: 000000ff000000010000000200000412000000fa0100000002010000000200
maximizedDockId: -1
centralWidgetVisible: 1
selectionDisabled: 0
viewpointLocked: 0
orthographicViewHeight: 1
textFiles: -1
renderingDevicePerspectives: Pioneer 3-AT:MultiSense S21 meta camera;1;1;0.54135;0.511954
renderingDevicePerspectives: Pioneer 3-AT:MultiSense S21 right camera;1;1;0.54135;0.549876
renderingDevicePerspectives: Pioneer 3-AT:MultiSense S21 left camera;1;1;0.54135;0.472383
renderingDevicePerspectives: Pioneer 3-AT:MultiSense S21 meta range finder;1;1;0;0
